2 2.5e-05 1.04
#promedio: 0.353745
4 1.5e-05 4.46667
#promedio: 0.0453226
8 3.2e-05 18.7812
#promedio: -0.149181
16 9.7e-05 45.0206
#promedio: 0.0585968
32 0.000569 59.4235
#promedio: 0.0537553
64 0.004059 65.6273
#promedio: -0.0237105
128 0.030885 68.4587
#promedio: -0.0169019
256 0.238778 70.5416
#promedio: 0.0111543
512 1.88678 71.4181
#promedio: 0.00308536
1024 15.0319 71.6425
#promedio: -0.00659021
2048 119.887 71.8261
#promedio: 0.00525498
4096 961.265 71.6505
#promedio: -0.00638661
8192 7700.1 71.5519
#promedio: 0.000780291
