2 2.3e-05 0.695652
#promedio: 0.247346
4 1.9e-05 6.57895
#promedio: 0.863984
8 0.000188 3.75
#promedio: 2.28262
16 2.1e-05 212.476
#promedio: 4.0573
32 4.7e-05 725.702
#promedio: 7.89822
64 0.00015 1783.77
#promedio: 15.9908
128 0.000768 2759.96
#promedio: 32.0375
256 0.004748 3555.92
#promedio: 64.1149
512 0.033483 4033.85
#promedio: 127.97
1024 0.252349 4282.38
#promedio: 255.864
2048 1.95834 4414.29
#promedio: 511.755
4096 15.5027 4460.95
#promedio: 1024.14
8192 123.783 4469.18
#promedio: 2048.43
