2 2.2e-05 0.863636
#promedio: 0.247346
4 1.5e-05 8.66667
#promedio: 0.863984
8 0.000208 3.76442
#promedio: 2.28262
16 2.3e-05 226.435
#promedio: 4.0573
32 5.4e-05 753.241
#promedio: 7.89822
64 0.000244 1312.32
#promedio: 15.9908
128 0.001402 1807.75
#promedio: 32.0375
256 0.009776 2061.25
#promedio: 64.1149
512 0.042432 3302.53
#promedio: 127.97
1024 0.253277 4266.97
#promedio: 255.864
2048 1.96208 4407.15
#promedio: 511.755
4096 22.8068 3246.12
#promedio: 1024.14
8192 168.443 3459.71
#promedio: 2048.43
