2 2.700000005e-05 0.3703703582
#promedio: 4.667744
4 1.599999996e-05 1.1875
#promedio: 9.358944
8 2.200000017e-05 3.045454502
#promedio: 18.741344
16 4.80000017e-05 5.395833492
#promedio: 37.506144
32 0.0001570000022 6.5477705
#promedio: 75.035744
64 0.0005849999725 7.006837845
#promedio: 150.094944
128 0.002273000078 7.211614609
#promedio: 300.213344
256 0.009739999659 6.730082035
#promedio: 600.450144
512 0.03923400119 6.681908607
#promedio: 1200.923744
1024 0.1855690032 5.657663822
#promedio: 2401.870944
2048 0.7815880179 5.366988659
#promedio: 4803.765344
4096 3.929730892 4.277414799
#promedio: 9607.554144
8192 14.59954834 4.601214886
#promedio: 19215.13174
