2 2.700000005e-05 0.407407403
#promedio: 4.667744
4 1.899999916e-05 1.052631617
#promedio: 9.358944
8 2.300000051e-05 2.956521749
#promedio: 18.741344
16 5.099999908e-05 5.078431606
#promedio: 37.506144
32 0.0001679999987 6.113095284
#promedio: 75.035744
64 0.0006270000013 6.537479877
#promedio: 150.094944
128 0.002455000067 6.675356388
#promedio: 300.213344
256 0.01032400038 6.34841156
#promedio: 600.450144
512 0.04177900031 6.274922848
#promedio: 1200.923744
1024 0.1360879987 7.705587387
#promedio: 2401.870944
2048 0.7815300226 5.368298054
#promedio: 4803.765344
4096 3.884397984 4.327023983
#promedio: 9607.554144
8192 17.23418617 3.907545567
#promedio: 19215.13174
