2 2.2e-05 0.363636
#promedio: 1.58014
4 1.3e-05 1.92308
#promedio: 0.934462
8 1.4e-05 5.57143
#promedio: 1.13129
16 1.7e-05 15.8235
#promedio: 1.18004
32 2.4e-05 43.2083
#promedio: 1.19145
64 6.1e-05 67.459
#promedio: 1.17041
128 0.000225 72.9511
#promedio: 1.17483
256 0.001079 60.7618
#promedio: 1.17428
512 0.005707 46.3352
#promedio: 1.17241
1024 0.033737 31.3437
#promedio: 1.17216
2048 0.098085 43.1206
#promedio: 1.17268
4096 0.396115 42.709
#promedio: 1.1727
8192 2.32521 29.1009
#promedio: 1.17295
