2 1.9e-05 0.368421
#promedio: 1.58014
4 1.1e-05 2.27273
#promedio: 0.934462
8 1.1e-05 6.36364
#promedio: 1.13129
16 1.4e-05 19.0714
#promedio: 1.18004
32 2e-05 52.1
#promedio: 1.19145
64 5.3e-05 77.8302
#promedio: 1.17041
128 0.000187 87.8556
#promedio: 1.17483
256 0.000785 83.7223
#promedio: 1.17428
512 0.004306 61.3637
#promedio: 1.17241
1024 0.023353 45.2426
#promedio: 1.17216
2048 0.09846 42.9096
#promedio: 1.17268
4096 0.389791 43.3567
#promedio: 1.1727
8192 1.61971 41.7367
#promedio: 1.17295
